item=(12, 18)	0.3333333333333333
item=(12, 19)	0.3333333333333333
item=(12, 80)	0.3333333333333333
item=(15, 12)	0.05555555555555555
item=(15, 18)	0.4444444444444444
item=(15, 19)	0.16666666666666666
item=(15, 80)	0.2222222222222222
item=(15, 88)	0.05555555555555555
item=(15, 91)	0.05555555555555555
item=(17, 15)	0.2
item=(17, 18)	0.4
item=(17, 19)	0.2
item=(17, 80)	0.2
item=(18, 15)	0.25
item=(18, 19)	0.5
item=(18, 88)	0.25
item=(19, 15)	0.14285714285714285
item=(19, 18)	0.5714285714285714
item=(19, 80)	0.2857142857142857
item=(80, 12)	0.1111111111111111
item=(80, 18)	0.5555555555555556
item=(80, 19)	0.3333333333333333
item=(88, 18)	1.0
item=(91, 12)	0.2
item=(91, 18)	0.2
item=(91, 19)	0.2
item=(91, 80)	0.4
